9857045922
palhinandan2056@gmail.com
BlackCat
BlackTiger
Rajendrashah
SpiderMan
Bina@123
PrakashGurung
BinaGurung
BasantaPoudel
12Ghanshyamkhanal2056@
Thakuri@1234
Gurung@123
Magar@123
Nepal2024
Nepal2081
Nepal123
Bhagwati@123
987654321
0987654321
12345678
123456789
School@123
School123
4C84F5E5
pussy123
9857045978@103
9857047756@
Holidays@123456
asdfghjkl
qwertyuiop
zxcvbnm
CLFA340KB
9807433004
f23QXZiJ
QU22CR5K
87654321
606242187
sita@2026
012345678
kshyam123
S078570321
singh123
narayani321#
pFVtEjuDsUFhu8aW
gcs@2071
CLB4378982
rangkhani
CLB43BE216
ebook2028
Nepal2028
friendsforever
ILoveYou
iloveyou
ihateyou
IHateYou
Fuckyou
fuckyou
bhagwati@123456
bhagwati@9876
Bankatti@2024
Bankatti@2081
Bankattibajar
Bankattibazar
NaughtyAmerica
Naughtyamerica
naughtyamerica
github.com
Shahifamily
shahifamily@123
shahiniwash
1234567890
123456789
12345678
0987654321
987654321
87654321
qwertyuiop
asdfghjkl
zxcvbnm
poiuytrewq
lkjhgfdsa
mnbvcxz
9862217072
9869582610
9816493102
9945391296
9819161879
9821479794
9866576202
9821972095
9867710571
9805424388
9811412404
9862201719
9815409221
9869673435
9864448867
9804412955
9812916078
9845953945
9807580273
9810678080
9867108323
946783221
9842936726
9857056537
9749395834
9857046178
9827471001
9851216582
9805458815
9804499586
9811429702
9857027150
9811947240
9804443103
9816411871
9806959500
9821943257
9817510850
9820734220
9702528343
9819493142
9847248104
9826471420
9742999995
9843237792
9821926170
6390090123
9819443628
9857047930
9817550455
014260200EP
9857052335
9841196811
9805462551
9811407225
9848946373
9812907654
9851136780
9847480134
9823321122
9847081065
9765311253
9857086391
9746391510
9806909977
9847054335
9766222553
9804231171
9857057890
9815477456
9866571444
424202043
9808504108
9860918997
9806932552
9840391458
9860238447
9807580259
9817543172
9824431384
9803280166
9867803415
9805406061
9827658584
9749793664
9815352217
9867430160
9765311234
9827412682
9847289139
9825434552
9807476083
9819424702
9867188202
9867754096
9825419671
9821953088
9826473137
9847290376
9847022721
9856048025
9820279385
9847481557
9801063926
9866570089
9857046731
9847070279
9844779288
9860675725
9847056080
9817117341
9857081250
9847049024
9846327489
9812948708
9807404740
9867392023
9827715193
9811500006
6000795272
9842703969
9804449940
9857088113
8971528063
9847160505
477296510
976939289
9806942684
9806942694
9806954605
9823553646
9857045375
9818886971
9857033112
9800760234
9808832366
9811486803
9869463165
9847027328
9810125467
9821403190
9866569497
9746400404
9846059110
9805476555
9808204023
9804474368
9808034820
9847056555
9807561262
9867436686
9805424412
9823416461
9800799715
9821574357
9857045978
9811485728
9827499041
9860675752
9857079219
9827540671
9744304982
9816104921
9821900778
9867753827
9867000805
9821294798
9769742677
9867034296
9807507192
9857028701
9821328612
9805420714


